2 0.677 0.468 0.027 0.054
2 0.715 0.876 0.034 0.07
2 0.402 0.806 0.033 0.061
2 0.287 0.802 0.043 0.059
2 0.178 0.781 0.037 0.068
2 0.148 0.954 0.061 0.089
2 0.902 0.523 0.034 0.049
2 0.84 0.647 0.023 0.036
2 0.757 0.639 0.029 0.044
2 0.846 0.431 0.028 0.051
2 0.939 0.459 0.026 0.04
2 0.688 0.443 0.023 0.035
2 0.66 0.46 0.025 0.055
2 0.624 0.445 0.03 0.052
2 0.495 0.506 0.031 0.05
2 0.499 0.406 0.023 0.039
2 0.551 0.422 0.023 0.041
2 0.473 0.379 0.022 0.035
2 0.08 0.521 0.034 0.058
2 0.226 0.315 0.018 0.028
2 0.187 0.291 0.021 0.03
2 0.17 0.249 0.019 0.03
2 0.163 0.303 0.014 0.026
1 0.42 0.485 0.032 0.05
1 0.225 0.501 0.029 0.033
