2 0.197 0.404 0.33 0.588
2 0.711 0.734 0.27 0.456
2 0.465 0.613 0.022 0.038
2 0.293 0.629 0.022 0.038
2 0.46 0.568 0.016 0.035
2 0.466 0.506 0.016 0.031
2 0.547 0.602 0.018 0.035
2 0.59 0.528 0.016 0.031
2 0.59 0.596 0.016 0.035
2 0.645 0.492 0.018 0.035
2 0.913 0.651 0.022 0.05
2 0.541 0.549 0.018 0.035
1 0.579 0.646 0.022 0.041
1 0.526 0.626 0.02 0.031
1 0.832 0.404 0.016 0.035
1 0.875 0.377 0.018 0.031
1 0.852 0.399 0.016 0.031
1 0.888 0.638 0.024 0.038
1 0.866 0.596 0.02 0.035
1 0.557 0.638 0.018 0.031
1 0.503 0.725 0.086 0.148
1 0.441 0.84 0.17 0.214
1 0.874 0.786 0.136 0.245
1 0.402 0.607 0.016 0.031
1 0.428 0.594 0.016 0.031
1 0.457 0.591 0.018 0.031
1 0.334 0.516 0.016 0.031
1 0.552 0.494 0.012 0.025
