2 0.957 0.795 0.035 0.035
2 0.955 0.726 0.033 0.033
2 0.877 0.786 0.036 0.031
2 0.877 0.717 0.032 0.031
2 0.851 0.707 0.031 0.027
2 0.812 0.714 0.032 0.032
2 0.799 0.775 0.033 0.032
2 0.584 0.777 0.029 0.03
2 0.657 0.789 0.031 0.033
2 0.73 0.771 0.036 0.034
2 0.755 0.717 0.035 0.031
2 0.501 0.766 0.028 0.029
2 0.44 0.782 0.032 0.026
2 0.612 0.708 0.027 0.026
2 0.627 0.684 0.029 0.027
2 0.687 0.683 0.028 0.028
2 0.697 0.713 0.028 0.027
2 0.647 0.714 0.027 0.03
2 0.078 0.767 0.036 0.035
2 0.162 0.756 0.036 0.033
2 0.23 0.765 0.036 0.032
2 0.286 0.765 0.033 0.032
2 0.343 0.763 0.029 0.032
2 0.352 0.713 0.032 0.03
2 0.324 0.687 0.029 0.029
2 0.236 0.706 0.029 0.029
2 0.262 0.694 0.025 0.03
2 0.296 0.682 0.027 0.027
2 0.284 0.663 0.024 0.026
2 0.399 0.704 0.028 0.032
2 0.421 0.693 0.024 0.027
2 0.445 0.711 0.027 0.03
2 0.469 0.69 0.028 0.028
2 0.501 0.697 0.027 0.029
2 0.558 0.701 0.031 0.029
2 0.549 0.666 0.027 0.024
2 0.447 0.674 0.024 0.024
2 0.022 0.693 0.031 0.028
2 0.028 0.671 0.029 0.02
2 0.085 0.679 0.031 0.031
2 0.117 0.673 0.029 0.029
2 0.155 0.681 0.028 0.029
2 0.185 0.667 0.027 0.025
2 0.223 0.671 0.027 0.028
2 0.735 0.705 0.031 0.03
1 0.932 0.71 0.027 0.026
