2 0.3 0.473 0.019 0.031
2 0.265 0.502 0.023 0.039
2 0.178 0.355 0.027 0.036
2 0.196 0.271 0.02 0.038
2 0.255 0.419 0.024 0.039
2 0.248 0.379 0.022 0.03
2 0.415 0.588 0.022 0.035
2 0.808 0.372 0.019 0.025
2 0.812 0.32 0.02 0.026
2 0.759 0.287 0.019 0.025
2 0.869 0.659 0.022 0.028
2 0.52 0.648 0.021 0.032
2 0.15 0.217 0.022 0.033
2 0.171 0.183 0.022 0.03
2 0.158 0.156 0.02 0.027
2 0.136 0.12 0.02 0.034
2 0.127 0.099 0.018 0.024
2 0.607 0.183 0.014 0.023
2 0.499 0.493 0.017 0.029
1 0.445 0.322 0.012 0.021
1 0.432 0.364 0.018 0.026
1 0.462 0.378 0.013 0.023
1 0.468 0.405 0.014 0.022
1 0.419 0.436 0.016 0.022
1 0.409 0.404 0.014 0.022
