2 0.463 0.385 0.074 0.153
2 0.53 0.515 0.08 0.138
2 0.627 0.518 0.074 0.108
2 0.085 0.37 0.166 0.225
2 0.126 0.307 0.096 0.117
2 0.356 0.172 0.016 0.027
1 0.399 0.686 0.086 0.168
1 0.219 0.793 0.11 0.24
1 0.054 0.669 0.104 0.272
1 0.248 0.585 0.132 0.243
1 0.739 0.564 0.158 0.254
1 0.908 0.584 0.06 0.102
1 0.931 0.501 0.066 0.099
1 0.878 0.449 0.044 0.066
1 0.717 0.418 0.058 0.093
1 0.667 0.427 0.042 0.069
1 0.628 0.409 0.04 0.081
1 0.51 0.388 0.048 0.087
1 0.268 0.344 0.072 0.12
1 0.245 0.439 0.062 0.093
1 0.317 0.335 0.046 0.096
1 0.23 0.03 0.016 0.036
1 0.953 0.425 0.03 0.048
1 0.97 0.446 0.036 0.06
1 0.745 0.332 0.022 0.03
1 0.679 0.371 0.026 0.048
1 0.192 0.022 0.016 0.027
