2 0.581 0.662 0.159 0.407
2 0.933 0.845 0.04 0.112
2 0.419 0.696 0.019 0.069
2 0.323 0.704 0.02 0.053
2 0.337 0.686 0.013 0.053
2 0.334 0.296 0.117 0.274
2 0.173 0.426 0.012 0.03
2 0.197 0.237 0.012 0.033
2 0.178 0.231 0.01 0.03
2 0.197 0.205 0.01 0.028
2 0.136 0.235 0.014 0.033
2 0.125 0.196 0.011 0.026
2 0.144 0.196 0.009 0.026
2 0.16 0.198 0.009 0.026
2 0.178 0.196 0.01 0.026
1 0.386 0.713 0.031 0.067
1 0.349 0.685 0.023 0.055
1 0.303 0.732 0.022 0.059
1 0.274 0.69 0.022 0.061
1 0.236 0.757 0.026 0.053
1 0.226 0.696 0.02 0.049
1 0.054 0.189 0.018 0.043
1 0.011 0.195 0.02 0.047
1 0.091 0.217 0.019 0.047
1 0.117 0.238 0.01 0.024
1 0.159 0.243 0.01 0.022
1 0.146 0.886 0.053 0.138
