2 0.473 0.128 0.028 0.064
2 0.358 0.524 0.028 0.072
2 0.295 0.524 0.028 0.072
2 0.415 0.521 0.036 0.076
2 0.451 0.541 0.025 0.076
2 0.475 0.541 0.029 0.092
2 0.497 0.503 0.025 0.066
2 0.506 0.554 0.022 0.071
2 0.548 0.585 0.034 0.085
2 0.563 0.507 0.025 0.066
2 0.623 0.553 0.029 0.077
2 0.615 0.505 0.026 0.062
2 0.64 0.524 0.024 0.064
2 0.666 0.534 0.026 0.08
2 0.703 0.53 0.025 0.069
2 0.705 0.494 0.028 0.064
2 0.752 0.49 0.026 0.057
2 0.756 0.529 0.026 0.073
2 0.835 0.51 0.032 0.069
2 0.82 0.603 0.036 0.084
2 0.726 0.633 0.034 0.092
2 0.436 0.726 0.03 0.088
