2 0.938 0.205 0.052 0.209
2 0.869 0.215 0.047 0.198
2 0.843 0.144 0.036 0.149
2 0.804 0.236 0.043 0.207
2 0.329 0.238 0.035 0.142
2 0.336 0.126 0.03 0.116
2 0.443 0.176 0.029 0.156
2 0.483 0.177 0.032 0.153
2 0.539 0.201 0.029 0.142
2 0.568 0.21 0.031 0.17
2 0.6 0.172 0.033 0.149
2 0.641 0.23 0.039 0.177
2 0.685 0.181 0.035 0.163
2 0.702 0.294 0.036 0.174
2 0.737 0.194 0.039 0.17
2 0.774 0.21 0.041 0.179
2 0.396 0.214 0.033 0.135
2 0.286 0.206 0.033 0.128
2 0.263 0.262 0.044 0.17
2 0.198 0.228 0.037 0.163
2 0.169 0.192 0.033 0.16
2 0.135 0.21 0.044 0.193
2 0.064 0.22 0.047 0.216
